n000 0.056050 0.062641 0.058322
n001 0.068272 0.073108 0.069915
n002 0.057750 0.088225 0.069372
n003 0.058787 0.086663 0.069301
n004 0.063321 0.099745 0.077345
n005 0.056368 0.072644 0.062248
n006 0.061202 0.095003 0.074157
n007 0.077181 0.101176 0.085897
n008 0.053972 0.063755 0.057406
n009 0.056148 0.061684 0.058045
n010 0.069455 0.091186 0.077352
n011 0.056602 0.068981 0.060993
n012 0.096003 0.146254 0.115151
n013 0.093263 0.112293 0.099986
n014 0.091357 0.128088 0.104992
n015 0.112251 0.105022 0.109903
n016 0.082860 0.101373 0.089435
n017 0.110983 0.113468 0.111814
n018 0.035982 0.060350 0.045517
n019 0.045021 0.070091 0.054610
n020 0.051061 0.032190 0.045686
n021 0.041192 0.067933 0.051602
n022 0.030682 0.054264 0.040056
n023 0.056882 0.046058 0.053542
n024 0.061468 0.087927 0.071322
n025 0.070544 0.100968 0.081877
n026 0.047893 0.065869 0.054504
n027 0.043828 0.072081 0.054817
n028 0.060175 0.099004 0.075280
n029 0.062682 0.059228 0.061560
n030 0.053933 0.096194 0.070775
n031 0.066720 0.085695 0.073546
n032 0.055926 0.068585 0.060411
n033 0.059393 0.060147 0.059643
n034 0.061463 0.086909 0.070905
n035 0.071523 0.098045 0.081267
n036 0.047212 0.079943 0.060136
n037 0.068300 0.126832 0.092044
n038 0.067830 0.077205 0.071092
n039 0.074261 0.092211 0.080689
n040 0.046588 0.069042 0.055099
n041 0.054465 0.070886 0.060437
n042 0.069149 0.117109 0.088086
n043 0.080335 0.115574 0.093568
n044 0.063416 0.072334 0.066521
n045 0.061524 0.060449 0.061168
n046 0.093844 0.099719 0.095842
n047 0.051921 0.081735 0.063435
n048 0.130105 0.170767 0.144932
n049 0.096166 0.091957 0.094784
n050 0.082503 0.162689 0.115587
n051 0.097162 0.132925 0.110378
n052 0.067817 0.091629 0.076582
n053 0.076777 0.118157 0.092647
n054 0.090283 0.080472 0.087147
n055 0.055816 0.101812 0.074320
n056 0.081267 0.067869 0.077076
n057 0.070832 0.074011 0.071903
n058 0.043977 0.075661 0.056506
n059 0.061389 0.068803 0.063947
n060 0.081234 0.122234 0.096797
n061 0.095904 0.108703 0.100336
n062 0.088134 0.098831 0.091825
n063 0.091382 0.071440 0.085277
n064 0.067392 0.111151 0.084478
n065 0.090947 0.068844 0.084252
n066 0.118587 0.149980 0.129858
n067 0.120011 0.129652 0.123297
n068 0.120345 0.139015 0.126851
n069 0.106219 0.160063 0.126667
n070 0.092180 0.127183 0.105106
n071 0.093882 0.122290 0.104180
n072 0.058179 0.097584 0.073598
n073 0.075897 0.086918 0.079714
n074 0.063639 0.055378 0.061028
n075 0.056251 0.071051 0.061546
n076 0.062230 0.060237 0.061578
n077 0.056102 0.058123 0.056779
n078 0.116966 0.189775 0.145170
n079 0.108518 0.159464 0.127654
n080 0.104076 0.118727 0.109144
n081 0.138991 0.111604 0.130563
n082 0.148604 0.196466 0.165983
n083 0.095795 0.200770 0.139579
n084 0.133077 0.157819 0.141747
n085 0.142399 0.157951 0.147729
n086 0.110579 0.173883 0.134866
n087 0.102361 0.212365 0.148116
n088 0.112951 0.209168 0.151716
n089 0.114887 0.193678 0.145764
n090 0.049581 0.082380 0.062458
n091 0.065652 0.083543 0.072111
n092 0.079231 0.124845 0.096853
n093 0.087498 0.077296 0.084235
n094 0.040955 0.111899 0.072747
n095 0.039721 0.081464 0.057131
n096 0.054771 0.092181 0.069516
n097 0.072824 0.069237 0.071648
n098 0.061689 0.084026 0.069932
n099 0.047957 0.060418 0.052440
n100 0.056853 0.235018 0.143409
n101 0.107433 0.107434 0.107433
n102 0.093489 0.193010 0.135072
n103 0.061561 0.131594 0.091098
n104 0.083019 0.158469 0.113867
n105 0.108558 0.084787 0.101257
n106 0.051886 0.084804 0.064746
n107 0.063297 0.099110 0.077106
